[Calib]
u0 = 315.3347520899377
v0 = 233.45272135361324
fx = 469.5787926058259
fy = 469.4591296649343

[Rectify]
mtx_0 = 469.5787926058259
mtx_1 = 0.0
mtx_2 = 315.3347520899377
mtx_3 = 0.0
mtx_4 = 469.4591296649343
mtx_5 = 233.45272135361324
mtx_6 = 0.0
mtx_7 = 0.0
mtx_8 = 1.0
dist_k1 = -0.023927795790569705
dist_k2 = 0.06941255177107644
dist_p1 = -0.0006342417777075407
dist_p2 = 0.0008346184594983804
dist_k3 = -0.050741890271556754

